## Lab 1 

Problem  LFAT5

```
G =

   (1,1)        1.570880000000000e+00
   (4,1)       -9.425279999999999e+01
   (5,1)        7.854400000000000e-01
   (2,2)        1.256640000000000e+07
   (6,2)       -6.283200000000000e+06
   (3,3)        6.088062015503876e-01
   (7,3)       -3.044031007751938e-01
   (1,4)       -9.425279999999999e+01
   (4,4)        1.508044800000000e+04
   (8,4)       -7.540223999999998e+03
   (9,4)        9.425279999999999e+01
   (1,5)        7.854400000000000e-01
   (5,5)        3.141760000000000e+00
   (8,5)       -9.425279999999999e+01
   (9,5)        7.854400000000000e-01
   (2,6)       -6.283200000000000e+06
   (6,6)        1.256640000000000e+07
  (10,6)       -6.283200000000000e+06
   (3,7)       -3.044031007751938e-01
   (7,7)        6.088062015503876e-01
  (11,7)       -3.044031007751938e-01
   (4,8)       -7.540223999999998e+03
   (5,8)       -9.425279999999999e+01
   (8,8)        1.508044800000000e+04
  (12,8)       -7.540223999999998e+03
  (13,8)        9.425279999999999e+01
   (4,9)        9.425279999999999e+01
   (5,9)        7.854400000000000e-01
   (9,9)        3.141760000000000e+00
  (12,9)       -9.425279999999999e+01
  (13,9)        7.854400000000000e-01
   (6,10)      -6.283200000000000e+06
  (10,10)       1.256640000000000e+07
   (7,11)      -3.044031007751938e-01
  (11,11)       6.088062015503876e-01
   (8,12)      -7.540223999999998e+03
   (9,12)      -9.425279999999999e+01
  (12,12)       1.508044800000000e+04
  (14,12)       9.425279999999999e+01
   (8,13)       9.425279999999999e+01
   (9,13)       7.854400000000000e-01
  (13,13)       3.141760000000000e+00
  (14,13)       7.854400000000000e-01
  (12,14)       9.425279999999999e+01
  (13,14)       7.854400000000000e-01
  (14,14)       1.570880000000000e+00
```

### Task:

1. Write C program, which will realise the the matrix/vector
   multiplication G*b with G formed as the full matrix (without
   exploiting the sparsity) in two versions:
   a) fully sequential,
   b) using the broadcasting technique in the OpenMPI
      environment. Take vector b constructed as follows:
      b = [ 1, 2, 1, 2, ... , 1, 2, 1, 2 ]^T

2. Write C program, which will realise the the matrix/vector
   multiplication G*b with G formed expoliting the sparsity in
   two versions:
   a) fully sequential,
   b) using the broadcasting technique in the OpenMPI
      environment. Take vector b constructed as follows:
      b = [ 1, 2, 1, 2, ... , 1, 2, 1, 2 ]^T

3. Compare execution times for all four versions.
